4540645.17334,1307.53756131,0.0778461170123
1902162.41455,666.191003453,0.0447475967348
7531345.99731,1533.99615459,0.0548780165434
2369763.99536,759.167510557,0.0508507347254
2012942.66968,591.360377267,0.0413458662631
2059487.76489,675.164010481,0.047026053751
3893763.52661,1033.74408305,0.0501979937041
3356884.24805,914.525035449,0.0391161240816
7443673.56079,1717.05976099,0.0848774803026
2926264.32861,753.574646815,0.0468147673168
8344054.84131,1781.11597913,0.0744423095514
4106968.61572,1108.315228,0.0614977583623
2424481.47949,627.720460017,0.0405907863254
10294089.3347,2192.87437667,0.0993554158812
8477421.27319,1846.87094835,0.0877720478055
2320839.4812,836.735011105,0.0495937414337
2264978.04565,711.439532319,0.0452196397066
1976263.01147,673.963865167,0.041902121701
9938430.26367,2074.42139639,0.0899387250459
5224050.90088,1275.86994883,0.0583954919519
5935881.5332,1382.62204648,0.0740920536664
5099085.64819,1286.78888636,0.0725813273395
6279039.50317,1519.35941857,0.0821366099913
6683476.6626,1563.59220295,0.0811375782458
12041067.876,2376.82712076,0.0959089357357
14575588.3301,2830.06538219,0.131494933657
5679828.59985,1310.74141512,0.0656621214593
5247616.30005,1255.33041517,0.0695443916763
6900278.33496,1608.54809263,0.089466493257
5864718.60352,1395.46499588,0.0827085372559
5792073.11279,1557.80692023,0.0639674871906
8126100.06592,1841.22850715,0.107831419482
1913656.83838,606.338695212,0.0429593091406
3465806.72607,973.429150815,0.040928580276
3430454.05151,969.335056489,0.037179426177
4787024.85352,1170.13338235,0.0412595768078
6213724.45312,1420.33795044,0.0622413204515
3921254.96704,1011.55957791,0.0334429228297
6996809.53125,1677.54936875,0.0895863921718
3560708.93555,1434.18245067,0.0654241756931
6362428.9856,1538.16926558,0.0730435518175
7371229.40552,1578.53426616,0.0588074910576
5488642.2876,1381.42142824,0.076328970901
7730155.60181,1747.9875343,0.0856742888389
3124689.56543,849.104424528,0.0527187031733
5344239.01245,1378.46945252,0.0753118127054
3437116.42456,936.17441841,0.0661632422781
9889487.44629,2057.45755208,0.0933954013196
5898936.47827,1345.09593133,0.0698440445548
6835704.56543,1564.417432,0.081200658695
2341842.4292,768.001902457,0.0336923503359
5746067.96265,1318.78942394,0.0652861864366
10211294.707,2126.84705041,0.0992290971819
2992750.78491,977.414935217,0.0495973662268
5181056.63086,1254.20421693,0.0579772618789
5681759.58984,1253.05627943,0.0555536044446
4651974.52515,1145.92740458,0.0658366532318
6915460.85815,1659.17157295,0.0880611269214
5179354.43115,1330.11407704,0.0756611245045
2022634.22607,613.162651893,0.0417187802108
4723714.00635,1191.37557168,0.0504787648637
2958871.51978,810.014034671,0.0569402778785
2337312.38159,686.324534011,0.0433123972834
1875430.55786,656.926760379,0.0385685542343
15057658.6084,2900.56775748,0.143887572204
1213302.32666,757.990664053,0.0540948064072
8002251.30981,1755.43785861,0.0837266395374
6373163.82568,1547.25727343,0.0702788905404
11850906.5442,2335.68533646,0.108572715765
11808973.8611,2364.28484311,0.106169072953
8130694.1748,1796.39689942,0.0802637322965
6594449.7876,1585.50618144,0.093990175464
1302686.1145,686.835974409,0.0462668951304
6696764.80225,1783.93382774,0.0964476311751
3190059.52515,830.605562403,0.0499723571636
14163582.7881,2943.16123879,0.146939613242
2321443.48755,652.21941394,0.0448225571587
9927686.27197,2206.58849537,0.113086957113
2142575.24414,732.289967835,0.0444182995577
3454550.24414,1075.45145403,0.0571525083986
3607025.24048,1060.11746303,0.0555326457367
1755919.66553,573.223766519,0.0403413588191
5912837.77588,1419.58973322,0.0645985142353
3434737.00562,970.331105929,0.0406746211572
8385749.58252,1838.13766257,0.0916707451179
2897354.38843,775.038181939,0.0466357686219
1992598.6377,703.455291206,0.0384903839182
3188064.47388,830.190285993,0.0514834611248
1898785.46997,546.878564823,0.0342625782458
14141957.5305,2897.77020022,0.150897410334
9035587.19971,1914.97552487,0.076456044869
6814015.24658,1561.58724094,0.0819861226919
1740782.90039,576.34672502,0.0312692593532
5578703.29468,1327.88509668,0.0676424361345
4589825.93262,1163.64090867,0.072750885175
2505866.75903,775.002948516,0.0498296113689
2929467.39258,779.784164825,0.046179586294
4566745.56885,1101.37398782,0.0570395957197
6198734.11377,1515.51453119,0.0842774192769
7884625.64941,1762.01586441,0.0861300935325
13046857.4158,2556.76363242,0.104587162546
8385163.87939,1835.65016227,0.0671798340221
9176860.62378,1938.18870608,0.0884931406492
6815104.28833,1544.02462052,0.0600735103079
7334961.56982,1567.28829354,0.0522102184841
6248097.90527,1324.27561339,0.0451663932594
7291491.41602,1553.93164021,0.0596686862553
9073447.41577,1866.94235905,0.0724438684261
12556715.4163,2693.04442526,0.120455736719
8039617.33887,1692.72121987,0.0644956088675
10505985.7434,2322.24651114,0.139256075382
7574239.59961,1687.71484396,0.0812393507106
5097337.69043,1201.56084087,0.0458657721264
12483237.1289,2620.35104823,0.113955327364
9027671.05591,1948.53943143,0.0854176862795
7238796.43799,1567.14347377,0.0637601659174
4776793.35205,1174.68310299,0.046366704128
4681918.59741,1168.17048815,0.0416054898975
8638590.30029,2014.54226913,0.0910470819436
9709713.19336,2184.75457729,0.109351586669
10450298.1885,2216.83643872,0.0970006767208
8672295.68481,1815.55797052,0.0757700720224
8342682.09961,1800.64240917,0.0800409280138
8823214.90723,1862.38260682,0.0870656827025
11163080.5884,2389.09163414,0.109876876088
11211959.3445,2405.9735311,0.124476032301
11145427.1301,2051.47532055,0.0739697001281
10408923.7537,2255.07601573,0.104828093279
10184388.9697,2149.63016417,0.091736831134
6462181.54907,1407.16186084,0.0611641183899
6112205.62866,1382.59638339,0.0590995912485
9008535.03662,1917.68343105,0.0847755190207
4806307.29858,1116.67937696,0.0564782422177
7652339.45068,1622.30905433,0.0635741809866
9908605.16235,2159.24509177,0.0913405038549
9078279.46655,1937.07808249,0.0828099320862
11380303.2349,2504.78517657,0.120292787485
11799657.5208,2593.92378169,0.128826380329
10391965.8179,2306.5081267,0.107557823376
11882534.5129,2539.62965822,0.113712886093
8161782.19849,1679.63076236,0.0688922171065
6256682.1167,1393.18716459,0.0543869030356
7394337.22412,1547.20542764,0.0629880924328
8277421.95923,1844.22744099,0.0925680043987
8078081.56128,1582.45874523,0.0462717290821
8614457.50122,1766.03653682,0.0558930977499
15234229.7974,3421.86714342,0.181139126547
8889417.66357,1997.78824323,0.107989459469
6496381.12061,1415.60899867,0.0443794032168
6532264.58862,1373.57980703,0.0412340864873
11255758.9563,2393.8659448,0.102911976448
11398514.9414,2358.62178653,0.0977921983759
9747317.16431,2017.58574107,0.0776631531564
9917637.80273,2023.6248534,0.0785341668479
6563938.31543,1432.79082855,0.0526871707028
9824144.94141,2125.81048414,0.104722733287
11113112.7905,2442.31664754,0.114219482611
11228496.3062,2351.07439125,0.094482421875
11802064.3945,2347.21222007,0.0944809113375
7789220.10132,1559.36835187,0.0479387960412
3993625.90942,1029.43931827,0.0682443853321
10994910.5786,2415.42457338,0.123098044458
9094999.46045,1849.08380781,0.071840408691
7825808.24341,1727.13354207,0.0756886918141
6866984.77295,1505.98298404,0.0650218423724
9049790.50049,1845.14100061,0.0720743531878
9325867.15942,1981.97542942,0.0860740148274
11502779.2493,2440.03593803,0.11432767486
11563985.2258,2592.9141935,0.129116969983
7234357.90649,1605.30542386,0.0675053548555
9702099.05273,2032.61448474,0.0817051627151
11623040.5737,2357.61307127,0.0976003601121
9243072.53174,2108.9045036,0.109442218919
10242391.8823,2402.64249851,0.135205946684
11816295.1501,2387.13977424,0.0964417778422
7435492.02026,1637.22935213,0.0675744619465
7296158.73779,1612.27507209,0.0697898540217
11017020.8716,2269.48247728,0.0856042376619
9858344.51294,2096.05656626,0.0894181560567
10881265.8691,2287.89231818,0.0946253564869
9583732.11182,2085.33936315,0.0861808853562
6140191.2561,1455.86478343,0.0534717061219
10721835.6482,2189.32560118,0.0797518488979
9120587.36572,1848.54278915,0.0648041361538
10967107.9834,2383.97799877,0.113493102886
7683628.80981,1674.88470447,0.0784046382565
5959941.11938,1367.39587468,0.0543674548651
9322719.00513,2142.45269575,0.1005738532
9955305.83496,2072.7430516,0.0796648041739
9110621.26099,1881.36533237,0.0673114396027
9917829.98657,1978.11486631,0.0629367341575
7293861.68335,1685.81614867,0.0710169769311
6703234.99146,1564.23946316,0.0686284394939
14520230.2332,2915.4294835,0.123014964895
7649520.75439,1614.62243013,0.0599462475227
7709427.20215,1685.18753937,0.0702280987166
10220235.8313,2142.13218771,0.0878749531733
11756379.5508,2407.21748551,0.100783062645
11174144.8865,2398.87559697,0.116428454901
13191992.8198,2519.75118135,0.0909126441053
5960746.46118,1603.01215284,0.107835195826
8419875.94116,1846.8770559,0.081988199681
10546445.0171,2349.54787826,0.104895501015
5506451.32324,1235.69884729,0.0482501555854
2894370.96313,826.997228958,0.0425652476677
9666572.49756,2161.18279898,0.0601915210509
8842451.59424,2031.3576639,0.0908559989487
3777556.36597,860.306508912,0.030921835726
8108062.23999,1631.48141313,0.0470375715995
3480238.81714,780.26064548,0.0327864054645
10974282.8467,2452.94093502,0.0827834976798
8760828.3728,2173.60683121,0.10480449113
10078193.6719,2071.57846917,0.0756588586983
14727065.8008,2899.96984931,0.112595465971
10736734.4714,2176.59967215,0.064934420014
11014851.9397,2290.75526047,0.0708572375894
5853251.63452,1360.51110802,0.0548931219185
2889850.06714,717.241155061,0.0423469749976
8245263.19702,1778.8113926,0.0816915110153
7253246.83228,1535.78770185,0.0454088345297
9094560.18311,1816.06703564,0.058720823968
13723069.9768,2850.20523908,0.0866733205844
8477210.78613,1812.54395148,0.0559537080675
5046985.5249,1287.635759,0.0584215487239
2037423.22998,519.655914772,0.0310611828113
7946966.42578,1936.88004746,0.110053042525
8958960.75806,1966.87768848,0.0888938107236
11402541.6504,2393.99844919,0.0787688666135
5302132.44873,1169.91148655,0.0441756694702
11426308.385,2407.21482855,0.0795084635417
7560292.54395,1690.62860426,0.0697796578935
6691109.10645,1596.65746508,0.0792597913041
15598518.8379,2878.64776966,0.0773697312452
12132547.3828,2534.27210897,0.0875573626619
7599003.85986,1493.88948428,0.0467413174304
11513148.0249,2485.74378298,0.112352647066
2814431.63818,623.973312514,0.0199715716841
3002295.91553,780.336356975,0.0355227441633
18445603.4253,5077.95585426,0.403114312947
2124455.05371,770.255833907,0.0489497232695
8029422.44385,1706.65466289,0.0687762833527
7425214.76074,1591.93112843,0.0575473251402
10028784.1223,2134.30964343,0.0877614740429
1185545.4895,320.820088375,0.0148850254375
3972870.05493,1008.43429658,0.0636842614076
1328548.56812,332.415570009,0.0075700587297
7564557.19482,1715.34081894,0.0731362610571
9965958.31055,2012.99421231,0.0799206514646
11547951.6028,2665.33856343,0.153410378299
9833882.25586,2022.68259526,0.0587954067575
9015691.59668,1895.64599258,0.0799965559745
5468289.104,1222.06946099,0.0448765588747
9268541.46606,2024.72061424,0.106238935313
6977728.42163,1566.4508614,0.0703368574173
11814748.5278,2587.34069911,0.118169727016
12249029.0918,2447.56420298,0.0910636978562
10166424.3567,2529.42484939,0.182886818445
9589451.8689,2159.67203214,0.139733216418
8976440.33569,1665.52971888,0.0429806454829
8917467.35229,1922.71789572,0.0890116326494
4853575.37109,1125.95132051,0.0453672947482
2669827.02759,717.779053293,0.0332225731704
7348185.64819,1608.66563817,0.0811018917972
13682262.9419,3531.53400425,0.274590228937
4717985.09766,1101.92301404,0.0401259184068
10670751.3538,2062.28448759,0.110728441609
2830520.1709,703.13443055,0.0294124311195
8088056.81763,1763.18128343,0.0695020966261
15104377.5842,3253.81560038,0.180301722315
5569688.95752,1361.17895769,0.0887363371882
10855348.5059,2131.52353596,0.0704414621399
11918811.5002,2539.32148933,0.109897268344
4005422.33643,905.469558188,0.037507590451
4897558.01514,1142.58158992,0.0514132211306
7215853.34839,1520.20532048,0.0503505579926
7903651.84937,1616.55873216,0.061801565219
8173926.38672,1773.3945861,0.0710802306893
7337066.44043,1465.21014177,0.0453140483009
4394978.97583,1020.13643695,0.038357078983
14899271.6711,2930.54944498,0.0873494749372
10747753.0115,2181.71868666,0.086783967457
16107741.947,3974.33435478,0.262137357707
6509129.31519,1569.91685142,0.0711825696056
9900862.89917,2064.90944823,0.0735924433851
8928128.97949,2088.11997864,0.104154015915
6786240.1062,1388.65347562,0.052663379737
5926647.55737,1368.26314074,0.0398672388583
7493019.04907,1792.27556531,0.107536487034
7455753.68774,1860.70453803,0.0919205502586
9671532.6709,2214.34537138,0.124824966466
4510554.67529,1214.67621452,0.0631066696273
3282573.16406,781.467592396,0.0335158062645
8614997.44629,1697.2112731,0.0480179104433
10114113.7463,2088.55978204,0.0832364701155
2799724.99878,748.982444677,0.0321567001402
5386006.96655,1249.12609274,0.0673933862626
7064851.76147,1759.07101138,0.088024685204
14929096.7725,3600.61138248,0.189917048833
13284414.9426,3094.66583549,0.15154788555
13502552.7502,3453.34612414,0.173912715101
7825030.35645,1677.30112378,0.062261901525
10792120.0232,2158.64798221,0.0790670089545
6166630.26123,1436.33458256,0.057192915277
7295060.54443,1496.75585559,0.0454405558174
12402547.3718,2492.96238041,0.0939748812718
12642310.437,2570.06339784,0.103432545437
4971155.27344,1127.39694447,0.0371078673775
5316116.11084,1268.09780462,0.0451418470248
4638109.83398,1101.6632673,0.0506005519504
5901379.9585,1430.28301341,0.0686675942815
10744842.7991,2483.38728707,0.118164440134
7786136.0083,1674.68698597,0.068451999344
10784414.3665,2291.81728731,0.106576351629
6174226.09863,1340.94958249,0.0397864251015
7106034.01245,1562.57483876,0.0616384271679
13488276.2366,2830.57401424,0.127961597605
5088414.86938,1152.47759103,0.043891310784
7801144.65088,1636.08146913,0.0793275766749
4361502.38159,1240.41365885,0.0657010178002
7788176.81763,1840.77126057,0.0917052986635
13852180.9094,3032.30114683,0.141251306615
5922721.51611,1305.60529083,0.0465022748695
10776296.8872,2416.51369266,0.120204609858
4104580.04517,1103.07994821,0.060295748139
6702438.80127,1504.03224203,0.0846646833309
7804393.4729,1701.41900268,0.0712146685276
6639777.71851,1569.96097677,0.0785307681385
8270420.97656,1849.25249848,0.0942869960847
6468349.73511,1463.31883893,0.0628732915821
6921967.65381,1516.51953555,0.0597358347594
7800925.01221,1611.51189003,0.0474539135006
8887102.30591,1863.21217169,0.0712467674497
3325549.13086,865.898457656,0.0358603492967
10195306.842,2175.31926212,0.0965106961161
11101838.0054,2507.58935609,0.137978915917
10799551.1316,2269.94879714,0.0945245281081
10256851.4282,2149.15276136,0.0848735151416
8895219.78516,1902.95398115,0.0861147993402
12679347.0081,2471.54324154,0.0777422675585
7667018.63525,1655.25633265,0.0659748027238
12708064.7644,2698.92430132,0.135788825346
11855152.8918,2308.18545836,0.0821039446177
9882651.19263,2188.46157675,0.0932060176793
14664258.2922,3179.07745047,0.15745559775
5309453.73779,1216.76457109,0.0511260301866
7135053.77197,1607.65482165,0.0789363474599
6004244.06982,1258.52024117,0.0466272718484
7683473.23242,1641.07660988,0.0708672449004
14403437.3694,2865.21928412,0.0979468396534
9189819.30542,1930.754374,0.0716278005365
8395669.9292,1722.21359567,0.0554884625145
4169108.05664,1067.06045275,0.0393238229892
5923078.42896,1353.49086769,0.0522627096626
6977883.99902,1483.43107926,0.0498732281395
11587861.7798,2243.77939148,0.0829422929355
4631859.28345,1058.55097204,0.0397445076856
14739274.0503,2921.57218329,0.123558380764
9695317.70874,2220.16112684,0.10854684781
11796710.7019,2423.97065852,0.105843740937
10770879.1333,2347.38474272,0.1005738532
7663293.92944,1786.72378446,0.0857549137785
12132721.2634,2491.56579433,0.108771162631
13245108.772,3000.57235256,0.170420730013
6636721.08032,1410.35152157,0.0469299458019
12412632.4475,2407.95087526,0.0814578121979
11750833.6743,2408.75062508,0.106111106076
6914710.42603,1437.14747918,0.0438905555153
9779109.86206,2006.66661168,0.0817669059358
8631598.46924,2105.43403713,0.122504780851
4133828.59497,1094.68860226,0.0601361976146
11623571.3672,2507.38143684,0.108424871906
7377095.58838,1681.52688422,0.084562722049
13308428.7708,2712.9299597,0.108435256852
5850469.54468,1298.32344202,0.0472769365347
11399009.1284,2350.57766135,0.10537943947
7146044.85718,1550.70436976,0.0579502337481
9323213.19214,1994.43174358,0.0882212438974
13326988.2385,2637.9812339,0.111689521099
12624327.5208,2928.5557559,0.171738296355
10221242.5085,2142.50740977,0.0959083040327
2383473.10913,848.435294238,0.0269674373429
7569270.27466,1687.64628315,0.0686103130438
8971370.34302,1917.47086901,0.0791939603365
12479567.3328,2622.0049016,0.118310584638
12010474.0393,2540.13732355,0.112836963155
5397190.2356,1269.06869861,0.0644886226315
9902016.0022,2050.12418157,0.0774652727427
5696759.08081,1250.81177924,0.0475723018779
11925226.7798,2378.33134347,0.0920874646534
11608297.3279,2507.47692594,0.125437489426
8930865.31128,1921.67779414,0.082680592312
7066004.8645,1596.40431173,0.0608029019151
4738658.58765,1163.16365434,0.0407333433029
11659564.6545,2605.14046135,0.149109311557
13623363.1714,2811.11174261,0.127976514163
7507908.7207,1542.93602224,0.0540266611044
11425686.0754,2649.70020947,0.143721413078
12007023.8818,2650.92963554,0.140183356596
6204344.05151,1414.700185,0.0541478604747
9396874.51172,2040.84937894,0.0944667500483